23694516869059381250571106537244713444513168163979024430229301308301727333509722258649823356891435564313363331473189
79264284102460268197620078103832740540111026465298398925156477363683911396423587546942199060382286968468082074084288495720633865905938830470105635269
607381749773540532057553962497493377607222527688607031581969824471438771495241433431979978649281040014294267
9505038798528653218719601720807055214224898095839482814246477966930116275879098194527479360222938953959896999872545818963642778111824521231672547917807053891
22106758304601806440565516727858037198753397092949079492856788226340545836233063830682880626567901429760670849
31706911890084327412355953754776400853926235752603669761407546160668734706260276913355437621398353882024900664878652872645151291682779848304613280020679477
56168725493571776690280003229097944460402283322883718200176299231724352949699928489648226778660738795002317799
4182367429605078406492983657413216342267210856363465707453960474159776223854745006735152690767085351766797729264131481601116236966361
142600886621442048981420886279581573447574947316360066940418134981730457569462561604087286808698968769142411627837869
471120566287496596545144665852267806115955228565146310524000283831513601302663441470570293057873124666914105827065547
12546787056631496929250881097285287306483562872667
23633626434543190401864813950416620746152601959088583637552185412149224443907913284817815570437203519345890837301744736948003968077191772968724278724320579
6699368145388907709174405970389818291335361953307560185665820908537634137858304281452253149000410600720896226329076157534590013
18465897171414365329482242524127407523533992185964480201212809137137158548819562499601212129612078175002494354991683568585276257007
7539168591537485190798579983592754893816306152854119193605568537951856139168587111882152770437270748289421627369
872746402712131857389076611921382911098229561267219390356651966531786959226069064877595288241310737
461053636475067841289013891393624201255488956322963481276615805287324363881275543539332935484009942292194843354827759
15101057131586618135028681819046655526183450586493278496309310620749386654148826937862922752239446658209473749629649082241258952167
266581992391991858022718020470061587934198467582777263314497775443272976560587053
83617837697427542088069603949898945119439686959092201798847863635465538164328939500811116710347256900400642097683192821246809324805034964351082959963
36556351132681929745875857093662904632827952564283451509452414071598219738362725154780743699946977029130223173485277045499171572022715472352773771258479543469
79775586062309776003926013542310421770477079641958738020026760006214090595890047040788961007015173413147167007186721
974525873204055755680308365527339412884308184221562762280005341808152494948882729087987205323817397440304435360158841
13288619659174774170489568236368410361809495759836166510481182767007
6896484471546006034713899365968411069434112365581914717464982573790982555978914697929907345264720883440013479258526195847297
11805826831681402486340215467428268292715176647245973202987298785495454426816899589983979353199715595575604911954269
81875551557628421855250322710195277782184270341826830634679765983292263757877036769567777321169089239739589960741792375180915244195999513741928145596375303501
1908725774842164135153822834381165902751729551636721726870521791431350964420823635956640893209996500770376882965973064500048845971083597832225054189261
310568316833654213332117197769563605094244112241241939779760340923137957373721993875519336736374738912596655411906787790786305437288452926160393556741913
5325365155405375140232543132776772310701034095108757627448306406493742872244483146829385449885602074556880069692145105694956615808813881517268309362088146649531
349015531421102280449848677121886157305811247742813616551704708472364256231280601394814730125943075406600103175073397
2801722968171578146771171930029269122831287779474598777117921730727304072077298275692910394804477300224802570676411199658189213477158651836389319409439943
3402748500068190008989354634666798358300325622784538087792074651788266984249004665295179571442774737117607901661766591019667121368805098927352731936589426004489
55509522869436659963780441381958046344886329015074396361303575580732558443647427355445659633825799
239093707365174753683164879427733024799907876593276856775995154003437204204156378624719655685360947080868798090077
27290722330097440076475537527868181557506895312309635285800539987613675279129052531363374748778931899201997103875409
2551316221266070019797484911635007560056439282135372522563759255034603870621609574613571211352090750899155714707242269636881
190779145884702667491247518865447618842227505217107497410835603283717631751145224050954087300401914151156753840491742332691566556916514504405868828852841
