802899433368008235353905622705661681116373989365907914416562397615757399726078645439908169206718149285286770704212257689659771
234479464474072688859488408146437775664434630589371781976029410667166856502975184608023303673829344516246423622603876502902339682769
321004788054419447240739791046513104544954161427452284538252536090561862558225546537154965296303308329030105539124845746977427725773
146369451849021048288197204484867148939049207027146937398541690731923963160353046997742506944582354144506248236908352471863733
828176513552217979450273890126787101514323620969935476484451002426668936206716974425020692923946168305438084291160916403221314477588061
7855551839299334493910467086428166777426690654804789316353101160518564367191573187743540920939992805521434277561775855714878295742662283536295923209669050651
256680694327476310494180502324149187610892571365436006567372999703395823837090370083446857532863099148587630295736915879173667711532224414021
4111382488705322418309671712753238523570865290858517872021691108679395961721858303821040257256917786378707983425920514080615691101840750406658994461
19170261153145853312906813715064339081619048288326185546819545656739368866777958126017243006953757046444603441520633680669920827666490480623
24159120829861227807975205394763483720629504866380898164142215240734792619975952521145466980107927236237239750929880141889083945473459367422749581
4014398132142570686289603401040254446122280154146035161526570370926691971138311351215968112946263612175047519
632744276724344390674685184618320471449120380562257509441518174643902755379189562016200544969162941252325334940315411346226660213393
5440731945145664352151355157155269196719368120419874307717727743357285688921976656565721613700540252155798802006839723683344344220449
855889717623850388055520998479209039693174269558172872096811777715948678248313791979423848160571695577653638028135283647591162270409517
44527203734822174973463336666261845890265030264922227002014232595791897597519973530259303013265517042561528377671439919067411660446811
2279262945596791630238782021734653565458462019047534869062163873805009863833715305340418533674465335337005236007854403217365958254234577635603
17156811383762496577163938319627363778775787985696192244635190707584266615479321391206845264623280894253094456253020149780918743022518072281195697
230602863337366314772945831687181715489128264494783583321124906425324316979931661915971607281983800369099255020760936987963860537
77016331241432766094215803793950733746863534846888761731651845664308453568754687172195869275790144177704489
5387091501063157138168765707275151443063333100435885910334039272686091062563916850374246831894331167658403573
275893673019585843540198367254027161842206641661342060522242469059011818588749144815207795061132828268981297146471522605467623
1049205800846701315828561253913768294733713981544756764915568325865231322569972705048147558963484917772851340388394290127908123
8221698876038632705296144094237189211511828107593407751300673687613998430082127653333194862864956075036219655614132015673690003284352971689164470219760762349
2738476239966630158984366974806520261245753097753326330591595003457600109059222301595219686273564599
820013552280382951224324239041432655342497460888614824599956529169348879833205442830968539437878839758706338454747312738174803796918763920846395148963
33538888321399764860476617306126478056605877813831293147839683199785915239170532570764780666772266633922356230693082050024763313786288927246507
61622192782078560618988894083477999892648784792598937858934349265273770935188464421655796143833291576734841505996195919695408186459862745364378224033
7393403815921155588464259463648551084180154361693424032481492005124396767135105717865473184588170048893837299293561581144440794506370943521771
