289400912915131654049937639549934618803075774475288951151485711048069751039947772111903755649901133928608118404971544184687180335809773344442453355220474170460592889838532809473312141975013
582012594261069440890489819805904289253045208269631523617647849522272497742900535685393330860884882500556705682419985041372835616153976778621952014593527093402177804351497559283332627149
21014324282990667974296053001461171516100462016088825606198485294621871229659952567564957724232043634975818406607907461623408040178227101266078821214151886465592045317155067345884142842982684085876485767
3238764117430348411378035646859468725681567130952874074261561513111226146539069552411456305221773910516983533580710396502053457085174504182340078385667983664388630091160820867304307959
100717513897203488870658358428672715661424660904092692477312125129112266489243228592725242019607552921741674977718704695505390064831349023768626118312717617392547334269627449959
115009899756148815232422337244584963112530526126899865757848686703380319044037896698890243355516980052413783137951287704185829818935182494882532256539081878068836551768066962911
994307416790118311368301132541476256173621867628596744832911997206457899522420654209579241585822037094491736381965308177052644607265035355910300274511838253661154950170816786363333222400741
183532502731796760339092261753855223281678454358686551377740018333819533893567215999001716796799996734677406243476524711549166284519287450599545469853347146114019607037573897090519
20587832322796963445415880539010982493357604802072882431925080419341685992750155639480693244054872725471867824665058407371291355313
1063102406189174114679945474164003632731168829320814993305066698384657915551476275217314422467578597721204088853118758950611004979884109478309938246891234790711279148288035836019654905443589184537359
808137851038699354309676376571255867655207732349580914851931262772478622233411437
630068106002768624165934737878812749806033408759827654035308349761094556172443128460360853410058486308821704346434092718558352492903455850526066588035953965481678272211084859604180512477008767929958917
945715676742309572336637870340687949183834115655857792592105874995563750402872774173684652525028258807330771837347327498721569144867564192833162233846856247351665906652081
18978835565578417632274086178224766572085473834780704118708417823217978276266378779755324248391433226083275329587369402256942011257322232492903128763973020948736535641368960805091768982412649787
7614225248589071954739671631208088002323983455494166251611253614226989474736619825836904467804511280953617968559558671457642323504081185163314568527895794742623852339723209840265429372729953488902288853
2314041012415761350975628637844718822724240886443925273332034897590744571563525449058545262782563448539080127133079432064208419
1707465857701191206791623486562784558860476607921668939606776395592222799294728730958137161224347824722023200571028756452040936354984990920867861858927299738620233373021811869640020790022981996868587571
40426010902135700680493262797778544850127307613334368076806994637248008777484516918681832375982619273513624733524447555458732562127028993831159799247784314452193569450301975005713489
3224795238883959815947258709925329899706890540151675658376920045566975993112418823540063793033115102766811562832485544631396712781972538500770526270325375153743387548355692684145489
34723173930411968318155990536317590616490391041701305952423373459499107673932397016251334127885990168986107250854446230056421654559356464115146830697773625078611494628785432523436827615931481389
26815090287867243924669202341717206293274897397188735100084518174536200094311497092455258205976325447480079830599300018936679482408760831375769563896286192850009338195314077989629858293834483958769887853847
537415452357583623585812964260866407730121369661872196358535315830669679180878472596782550015149524176000959215061636053782866452231763494418078587532122067429357064655866641770184946293469
456652257338550854154617892263897973938141614002383992619735242361311950892051621235534973980282896412383370463920189
104374227620548216943887019645965809421056747890161912041264671622625208697922017146596793701151081174947419676699584612050868208527671767919430241464718808832282131071361
793201992179918453050281591072210963466015155131524509814080504815055813609239645252045958423961261403585133555791406080153663249487759930723019227225369303694009240195595834633229244844195877675539539
24616578950850321623210837011823029444976062852760239939840355587941782000156661881006828571011067180048360923305644053766578601256792149712876237812649445231928213100442017683969627192237151578254873747
372870280877319983750532687882090607552753172808911612422285586001597680008254780017967697648210342637737079875621432702486637038529349058828475938103571857374478310233288201051
93954026692883474270298218707635359310001044388810075668102021675464084927694545629096707533611684134660510953358990679015518589199539494911694160827552310226616094168019139423047
38989566445498347330741558340735478248371590168386592313651496478821027553056030462043898946498913228853524869352345260053985829943929264134270889734007889964611078980124875806070042269
63163956967329791745203739233644889010338851273995517961284561990538204369344342209274965542400831342808365912401189600523427612269199465190322713592698065829331515413748593988788029984516192438905822227
2154257180215002356190168276425681322144118506214850077982355745476616853015882621890967326340505196229513261182630751130721408009122895822748549596483344050487024451817231930086925557
