1456555917734673597331900120049504574463826077635255972788315499979924926137
393900384866284322668033652111784206035062687780744273377250837678610117928207196972153871127165841973990907
1004511917109535570203688346664437508424511618060792645668222129334945352866261024124054388853805239
7432950317447096390562312900147735493011327138536048765598785624451573997054695706352148389833841147
257490446606718849879782641991776091307808270170529236608986394744070183106346224402448629928871842353354783313968889535179804718434649622243
33144083886666423316552315085431628250191369208995770201263080097816749714958809
9350786749008967288817885553642144031021662410305323819686144491813974958346277136774965323433097928470743472070354523497381
32975224792872090069839355765823809468332690855604285918715221177529237940460184612646074498654128958418629680584525098729741
7066364557246629900118845703733234782445499656302620880148186624159750774559830734803586004590685057646064551540675219893839
39192656068048690890366126919990146726531208418988883793480247927963305208209757538321793144402507234057006998568897681267362486245017
105975997263532483610640055302479163405959545300074512978838935008400230951643179901982311336548525083821323
646934988311601959088673963156539980066455513551449136447925465880092541855606732114928413324101397829932051461348117835295296439143
4505087791233290600806590775171521115623636534233187730943728886172811564914668114949958814242205777384680386250327474108163
264899602220762676627312764680145828606034713771930154622187131901220440122305983389
22870688359892288360890113592350523088959078549974190578179964496329391933942906128235564610556625058248736849060427421048850894611907450563
2293170498125063900806333401932633524906789752010089327180715500759293475136055854042361628835083374342432511577679347902298014563345414354257
24312360049096231497380958511319100901768232144893310458636778994697805492416188061628107593598891207695359
2912412310303313279390300469598786776756504483933547041672705835346275213429174485457256654573899523386413709
24118160934073169797778157520964003655218180246427940557800004303683014772990558064607476149
168892364688800035901101523849914882492402562287734920637308663863844503547396230797819615781228000792712463063997845552759761273662238087
3776290366918471211565055827810319547669597164873281626938286481285950915717
23534606206301092033098820269273235863102668069064558962554465988392525279742009200667586947523976781725501134099314797603318201523
209681821380913893343432935607742413311008482615686902990241190316503602227505187174942685629916017819676368744340909731807451
19284250541455861384761002207077164355132233648181373179087671197796014748963007877141320277
