1019380421102087486195627931809484553188244463327683393079042555041581590714508676023341524916025820311010016749186913260718470665485596586473472138082560711143951
19291006662990987513778292669223980472737403680123995150473069923431081436852927700220018791368557358454451124150553218055527146474416060977010601226734946043962339707289
106967297751922352833760668750555934853477670006230390117083268988119154630362209923068887742607356156094145977591709623534070708113758154776271717294141994577608166133349
5566777082881426243059126772464844981947445513926280321228370151349774172779006081584850935827753925497495177467231726056539075361723400778732939891
53386289666924196310739330140324981709593415464375882045092637051494369585328772198068214941364374748032898455432643156265282134072310320596185583196172256820024467488115269748493367503
72896631277737444169586915702446605602381595065687
1485810398091655098187449871681056689664179262461890690859934706202652116558342381125011112641941271396949834457534410249870817975685605101879565734496698891911253707876723602641
449196411248780247173334714909613568265214074360016546008000002494027123418095514078417964070623943073846143968848548283703488324018269783737525954977538693081422837
60814118577726208766875514994699673870680915926971976097322059508963486539955093259530805726564219851384868089423300508622110057796313098434876093657530741
8431749766798940128331489044709753229657595714259602894497923149308489852874391292999335170330923061
6315710599723077032419366701979307317774079299317402059472557557772264776841418050563532977290752340791367316865659612465411287260815851476805563209656633286843870521366341933
1621951184299799127900178583987738352331860239827488775027798757818359747507884623692575453931314139899854247044078616087132560998260206633512164275577389542703109242535419127
2971138124187075991198974684394753263728533985421417814088812521351050370360271644548613354974686802203780325307837819398448696219476865213975881360345829800657752873161810161287
100023245579311896854481954312894744552410390173250438244888096724723872215267722858943521363115123482839682012799507957412848272008006349416820758595668703
42143664956004023570708078589208079
256503418943684397069632540880050048369019833718075723735101005640551092646336608783434248272615886423361350159763200152849724137167687195145116950500823410739
58064184038457424376141758770208382377999491459093478236475081061731957367136092246107377085288875601501111276844948749493461940491109661642061679296689525740972833477288209144399358171
24243600213833782026981545960281473927220330280914344264669032489013376440045853922604995273917981529595541616069617298427567510367339263384945381316502760383116726366983223
1312364127425357553572060029509792391892218137439077773083557994567422983134217929640672950874456673423978452521887744620093814524320563722697482449903954657205086367
225892565656167425748917126362407785717062312118630126914780161927423468683124126061010976325256587799339756115708074970361282274979953775928465152795501093949
959884429046029026175032846799214028851060075601337855380654113685449139032776079932831482533996325886235096548527421575051591983040693139108969922863
3420061593915367869781697913085475338421672966167528229529329047611908484799330318056059686245220580718481824691195799820315254240719458900156824841742466585834407506028302711019
5717688531391578259554439098400471912364573402942891207122933944793913859563257870750138368746894096119429890673972841794083387780168904046878204962169298720614880152992829429
239814199162762860519657721921310909861950505038631931050521418202521437778919869071423163738219543022057148680975725588796839501172295413253027756145912337297166303199
317623159666670412033780878024476562262280746842388434046959277511481051944904524068753798167077532260495943305344083163412786652576927922020205165023029039
266559135807945455867084701690192222301765924116962715954550870920225986521390298582016430917198056023355030378517290030452399362076883536921572801390597504658207678408186509
12012330616705782294326255375556561939015017296316264036783185330117465960982150666218527602207300697567409516098567946262087092975315584169835857703148537144371461
1024290847219315897728038960007064687779565942181036467793320556443081227747803436103708240109453152484886840478496252372474478947706314440634312559588219993947304692111
31944915459843915125754504446430953163205664580985628666017419748033477697532946871502095315361676669130081551731962720263671775244998296330005944279779638545054081058517718731553485708553
310180706135923809895197283048531383756551894121603102466532718025362539314726881794155019207972233808710507388244796530882072172945468118642550920630866145629
131333161911752541504703927909898766977228056665710621090875894056317484997330752527895807485779091
35254477695328777021083420591394250068835911349513300692795231963840052814740994382981717947186614836287705422242777983544830985487933491802616895573
959911008543374745316062213964524431905490780019915761576811378619187837808180120447294372003899210361722664733282819118993127905239494034865262395257
5636589657109773201839340220676976759081596642142694709481301498575862080210128549041957727273405207984943103504904085132337967492770727846896169693519
334019246665799481562579646190585488580644983836914171834285623214505229842117117836258899899135850517
8582637135558452431012791172406740127559736823587651262796842631517171804619293230598139309044783198852240546860393826979317026517628688303486759837092441575180125096536120100312073
26073505020525323874354913263616905962912692783262444197279536657892387374979994027289184365351465317033347133618922947030918263681848344524135988235054966081443019653088692087071
50764523340322550662822919485992117654338646783652593350155657384090618725368674258404931357185582893666431321922568705633872077575053495503379618400028691140769
15327779551976437716660243696346376142284669480116939694779092561331059842985184471680019346111421525309601009772109920304942892310679791941556742511420330891640807060609
56291529668467793776029986415603018365401211021698184720793478989368532701117437676270570665387776622064829887043005475567594307700848731430043393978261976353
